10
160
138 84 145 101 92 80 96 29 82 15 2 115 139 133 81 143 14 71 68 130 111 24 3 41 122 155 156 13 73 62 36 113 76 158 32 85 105 141 144 45 126 70 136 95 137 56 149 21 107 40 153 160 134 30 91 25 150 97 94 117 103 33 106 35 75 49 135 67 5 152 78 10 26 6 147 87 110 50 128 118 131 93 140 64 57 20 119 60 100 7 42 102 37 129 109 89 58 18 61 124 65 43 48 4 39 52 120 46 148 146 44 123 112 17 86 157 12 90 34 28 54 9 1 27 127 66 53 19 63 159 31 125 74 151 51 69 132 23 104 8 72 83 88 108 79 38 59 55 47 121 154 114 99 77 16 116 11 22 142 98
18 141
111 141
151 18
52 141
130 111
71 52
29 151
82 141
154 71
45 71
143 154
2 154
9 2
12 141
4 2
112 141
160 151
135 45
61 71
44 45
86 82
81 52
13 135
77 61
104 151
149 4
17 141
98 149
131 29
34 112
7 111
40 77
66 18
11 4
30 34
85 77
56 154
8 135
119 111
114 18
47 114
108 47
110 81
132 111
92 71
96 114
150 149
100 52
33 77
113 149
83 119
25 44
79 66
126 25
74 79
39 13
14 77
57 141
22 135
50 57
157 113
95 86
72 39
116 160
91 135
16 39
84 11
49 2
43 112
80 126
156 50
139 126
24 96
20 135
75 24
42 139
106 80
138 110
105 57
23 98
142 149
88 71
70 49
133 57
41 17
107 72
128 50
159 113
158 45
48 39
125 114
101 44
127 151
145 95
69 131
121 14
1 18
148 20
123 86
147 61
134 11
31 119
21 52
35 9
67 61
51 80
155 119
10 113
38 143
90 125
136 47
27 159
118 20
153 132
58 156
36 113
63 70
3 47
129 30
19 155
62 91
103 135
5 82
117 11
37 43
28 103
99 151
137 138
94 10
122 160
97 145
93 70
144 134
53 43
46 83
64 39
6 45
68 85
115 160
54 148
26 121
109 18
78 18
65 84
152 155
102 37
124 153
120 62
73 47
146 46
59 98
76 68
15 132
55 155
60 50
87 150
89 64
140 150
32 149
160
101 29 108 95 38 78 55 137 62 67 14 149 3 122 68 136 84 54 123 119 64 148 58 46 24 155 91 48 88 45 30 69 35 113 41 94 70 99 36 5 83 12 98 100 31 33 20 43 4 7 87 81 75 42 66 50 124 115 37 6 107 60 22 154 135 49 19 13 104 157 21 142 138 28 140 73 76 23 111 96 159 44 90 118 150 116 125 110 160 53 26 112 133 63 128 51 109 80 158 61 27 152 34 16 57 105 126 141 129 17 72 56 144 15 77 120 47 143 86 102 130 52 127 10 71 139 32 121 114 25 153 79 59 117 92 93 18 39 9 134 156 65 106 1 85 151 103 82 146 147 11 97 2 40 132 131 74 145 8 89
113 71
33 113
145 33
27 71
3 27
132 113
80 113
81 33
83 27
50 33
84 145
34 80
151 81
25 80
134 27
2 84
55 113
20 134
103 145
14 2
129 84
54 81
74 129
7 71
78 113
4 151
11 80
89 27
138 14
1 89
139 78
88 103
153 132
141 54
120 33
121 2
119 54
8 1
61 34
157 141
53 120
65 139
64 4
18 2
159 134
6 34
39 89
95 6
116 14
69 119
142 54
76 69
79 2
75 61
32 55
85 2
86 141
124 53
92 25
144 18
152 138
23 61
100 75
101 61
106 23
112 50
59 71
56 7
91 84
62 134
149 145
131 100
126 132
96 120
94 113
158 78
115 119
135 124
15 34
127 144
29 76
35 20
148 88
93 29
5 145
58 127
48 151
130 119
160 145
154 127
57 129
30 48
10 74
125 135
111 116
28 54
97 25
45 142
24 35
107 135
137 4
66 48
9 120
21 8
17 25
16 94
73 125
47 11
122 135
52 15
31 92
155 126
63 122
109 152
133 69
118 160
150 85
128 8
156 18
90 151
140 96
12 47
117 138
43 6
110 7
136 95
41 88
44 156
36 140
13 101
77 6
147 113
60 32
102 151
87 28
82 13
37 142
19 138
22 57
67 66
38 144
123 35
26 17
98 39
72 122
99 10
105 93
42 87
70 113
40 156
146 34
51 137
49 153
114 109
104 59
143 32
68 10
46 132
108 135
160
14 11 156 118 17 52 106 141 96 23 39 125 91 121 37 124 116 69 85 120 51 78 32 58 46 139 12 21 119 70 13 41 86 133 145 92 109 34 123 129 5 160 25 71 158 66 16 153 134 2 67 110 45 143 36 155 73 40 104 99 38 15 28 60 157 98 79 57 102 88 74 26 128 94 112 115 87 101 63 6 48 140 93 117 33 55 154 22 130 35 8 9 24 31 95 29 105 132 81 111 75 122 10 148 107 27 100 138 47 84 126 30 50 44 150 82 137 80 146 61 83 59 18 49 103 147 151 68 113 62 53 152 144 131 65 20 77 97 90 43 76 159 42 127 89 114 7 135 56 149 136 54 108 64 3 142 72 1 4 19
18 39
130 39
58 39
56 39
89 130
30 58
24 58
42 18
138 18
155 56
92 42
73 30
95 30
87 42
75 39
5 130
106 89
134 95
22 39
104 22
33 106
143 95
97 75
159 42
69 87
48 89
65 33
66 69
49 56
124 33
14 42
7 22
53 106
32 134
2 18
123 155
156 73
76 18
21 143
99 76
91 53
88 91
8 65
154 156
141 49
61 30
50 21
137 33
79 58
116 24
6 138
25 87
131 99
149 87
15 104
71 39
107 71
40 130
84 159
144 7
74 92
146 53
100 146
10 48
105 131
63 146
34 6
1 138
108 71
17 21
86 1
55 75
158 1
35 71
140 33
38 10
151 124
3 30
98 55
62 8
126 10
78 17
29 8
45 48
90 17
59 56
139 69
114 65
119 97
27 50
150 158
72 87
127 144
70 55
117 91
77 78
60 56
136 76
16 66
43 89
93 18
102 149
115 6
28 93
111 98
82 75
80 50
96 76
23 21
147 141
113 96
26 140
57 89
54 24
110 114
51 158
9 17
68 53
12 25
13 149
41 66
19 9
46 124
152 55
160 16
101 42
36 108
109 18
103 110
83 74
44 5
148 15
31 39
4 8
142 30
67 124
121 140
94 99
153 95
145 158
64 46
20 70
135 90
128 61
81 46
132 33
47 17
85 106
11 39
112 111
52 86
125 155
118 138
120 1
129 10
122 15
133 105
37 64
157 64
160
139 8 45 16 79 120 152 128 130 132 17 93 71 41 107 88 15 142 80 99 156 69 85 48 77 53 12 95 86 60 21 126 68 62 54 27 105 82 96 26 75 61 144 140 9 97 146 3 135 78 25 98 35 63 70 131 34 160 147 18 37 84 81 57 111 51 92 31 141 136 91 122 29 19 87 13 55 121 123 150 49 47 151 72 4 94 104 115 133 36 64 65 40 32 5 109 117 102 137 158 154 58 125 24 143 101 129 67 28 43 155 83 157 44 73 14 116 10 42 56 100 110 74 118 66 7 114 22 59 124 6 113 23 1 33 153 50 134 52 149 38 106 127 76 145 90 138 89 119 39 2 11 30 148 108 103 112 20 46 159
93 110
25 110
71 25
83 71
157 83
6 71
158 83
81 93
52 93
143 71
108 157
100 71
92 83
44 157
90 143
95 92
159 95
70 52
43 110
151 143
97 52
131 108
5 90
36 92
16 157
123 157
117 108
140 117
14 158
78 100
121 159
49 123
30 117
113 14
142 123
94 5
56 123
80 81
17 83
137 110
133 56
99 92
50 123
89 17
29 83
45 95
13 92
55 89
119 80
32 29
3 90
54 17
19 93
148 151
20 143
72 113
96 99
35 143
75 70
130 119
107 119
136 142
103 81
87 55
8 72
24 56
114 142
68 114
138 32
139 131
21 151
115 52
88 50
129 131
40 13
62 68
23 29
141 117
79 87
154 130
10 62
134 108
86 137
112 5
105 36
7 45
116 21
47 78
9 72
147 13
118 6
98 107
59 83
76 43
111 147
67 107
126 8
77 97
1 121
31 148
109 123
69 16
26 131
63 55
106 158
11 75
53 89
122 3
64 19
12 93
153 62
82 93
65 131
15 103
48 96
2 151
38 89
4 110
39 81
18 53
46 105
42 122
27 29
28 106
150 56
41 112
102 95
124 148
145 134
128 99
125 87
37 67
51 2
57 145
74 114
61 99
60 88
132 60
22 89
127 124
73 87
91 38
34 57
155 4
156 80
101 137
104 148
84 108
135 117
146 43
66 96
33 119
58 24
152 16
85 20
144 51
160 115
120 159
149 80
160
9 73 117 92 89 119 144 147 136 37 50 44 13 33 130 75 98 12 41 71 42 34 146 125 39 30 129 141 114 150 35 74 53 157 78 3 145 152 45 158 100 124 121 32 81 10 26 49 15 122 135 109 54 106 159 87 118 80 139 111 38 47 4 22 67 85 113 16 128 21 59 60 2 48 93 14 142 126 57 82 90 40 108 101 19 149 148 143 51 151 43 120 55 88 123 134 65 77 156 23 69 64 61 76 1 155 63 116 28 91 17 137 66 18 127 68 58 11 115 94 31 105 153 131 160 56 97 104 7 70 29 72 62 24 46 27 83 154 96 36 79 132 95 99 133 110 103 107 140 6 8 86 84 25 138 102 5 112 20 52
20 160
95 160
75 95
98 75
30 20
147 20
67 30
73 20
101 73
107 20
105 67
7 20
89 105
40 160
99 105
5 30
82 67
21 107
123 40
3 123
26 82
157 147
2 89
35 67
114 123
66 7
28 2
29 5
148 30
32 26
42 40
72 29
134 32
16 21
119 134
152 148
12 134
4 134
17 12
74 28
96 72
41 134
10 75
126 148
71 126
25 134
1 41
151 17
133 101
62 133
47 126
124 40
34 16
125 5
137 17
44 10
102 98
11 148
87 12
33 20
146 2
65 32
120 75
132 125
159 74
77 44
15 133
141 98
76 160
136 25
92 25
38 26
154 28
111 73
150 157
93 134
143 40
43 38
13 20
55 21
118 102
51 20
54 147
57 157
64 114
59 67
53 148
109 107
52 4
88 34
8 17
153 152
31 154
144 44
106 92
122 44
63 102
69 136
94 101
139 98
60 160
22 60
79 96
135 52
140 124
78 10
138 10
108 13
58 150
100 34
155 25
37 72
9 20
97 55
61 122
70 34
145 87
24 159
116 40
128 88
127 78
81 75
129 79
27 136
156 75
46 79
113 98
14 134
49 47
80 60
45 153
158 122
112 40
85 159
39 69
18 21
50 102
104 80
142 30
149 119
68 35
131 24
115 95
19 58
56 74
48 30
36 115
103 109
84 129
86 74
6 132
83 20
91 116
90 47
23 35
121 107
130 127
117 33
110 27
160
81 80 104 52 135 37 63 56 141 124 132 16 23 57 9 125 152 10 138 159 90 72 134 78 70 48 34 45 126 25 29 54 89 53 158 130 74 87 153 122 60 17 30 77 50 106 28 97 114 88 112 24 41 26 93 62 18 85 46 22 133 7 145 11 27 108 111 79 129 94 156 39 76 98 15 147 73 58 100 55 115 20 38 2 32 19 105 35 36 149 44 140 120 151 8 144 14 118 12 92 131 83 3 101 42 123 1 157 59 6 121 47 148 103 119 102 155 67 40 49 150 139 143 64 107 110 160 137 66 4 69 84 91 99 51 33 136 86 113 82 75 96 31 5 128 21 146 117 116 142 95 71 127 109 68 154 61 65 13 43
127 83
100 127
37 83
18 100
25 100
102 100
63 18
71 83
113 63
16 63
41 37
49 100
53 127
150 41
130 102
94 63
110 150
42 63
39 49
132 100
86 25
8 102
91 110
148 49
90 8
88 25
92 150
2 94
147 18
152 132
157 102
12 113
117 90
73 130
23 16
114 53
45 132
107 71
11 37
155 73
29 11
72 152
103 37
24 53
101 53
142 100
111 148
135 117
7 49
136 29
58 113
109 100
118 117
95 142
140 152
1 7
153 72
123 113
159 132
99 92
43 113
137 140
145 73
50 135
87 159
57 95
98 86
160 103
21 37
38 130
70 29
144 99
44 57
133 90
146 153
46 2
33 153
62 49
10 95
78 109
27 123
28 57
36 157
115 72
5 107
81 148
112 39
65 46
35 7
96 12
31 142
47 36
75 73
151 153
119 150
54 150
67 65
158 39
129 65
116 142
141 92
68 65
85 113
128 58
34 94
55 8
125 8
59 43
6 128
154 2
105 23
121 68
17 27
60 118
26 140
76 31
122 31
108 110
69 91
19 158
64 37
82 1
3 39
51 49
13 119
143 125
9 122
138 110
77 58
124 154
84 135
52 102
134 140
149 84
20 5
97 129
74 12
131 102
66 135
32 35
4 101
61 50
156 49
120 118
126 19
79 72
56 47
106 131
93 130
30 34
14 23
89 138
139 142
104 44
40 98
48 61
15 63
22 102
80 61
160
107 14 145 53 95 146 77 75 110 144 15 12 70 4 81 130 133 66 3 149 114 24 1 159 138 71 90 68 7 50 13 151 123 108 86 76 26 102 155 10 47 105 88 38 118 32 56 61 143 35 156 30 104 125 94 132 55 131 111 57 97 92 99 45 78 74 160 117 22 65 59 29 134 140 40 33 17 147 58 11 51 83 34 31 18 62 93 48 25 41 27 120 49 121 157 106 64 100 158 16 28 124 2 46 42 67 39 37 23 69 96 98 103 8 122 119 87 113 141 63 112 52 84 101 36 115 19 127 54 150 85 129 109 91 137 128 20 126 79 73 154 116 82 6 21 60 136 148 139 72 142 43 153 44 152 80 5 135 9 89
25 148
131 25
2 131
56 2
37 131
103 37
130 25
151 37
84 2
21 56
36 37
24 130
160 21
142 2
126 148
106 25
74 84
110 56
141 37
152 2
156 160
28 25
87 56
159 28
94 130
19 152
66 103
83 106
63 141
133 84
155 66
104 152
144 155
157 131
55 131
82 83
101 36
90 110
61 157
111 2
91 24
109 110
125 141
97 63
135 28
120 25
68 37
117 84
136 94
57 117
23 110
92 87
22 110
153 136
12 82
113 97
4 28
65 155
143 37
98 22
122 157
140 133
16 110
47 140
127 111
7 109
58 28
80 4
17 58
14 136
38 110
42 135
85 94
52 2
30 130
128 80
9 130
150 141
6 120
119 55
49 144
50 92
1 141
114 104
5 84
40 153
70 2
93 57
121 156
154 50
96 110
75 14
8 42
102 94
78 66
35 131
62 65
108 155
118 152
73 97
59 63
20 127
43 93
26 80
137 136
48 92
149 135
100 153
88 28
116 103
64 48
89 40
41 151
129 43
45 155
86 121
33 116
145 91
138 65
112 136
72 30
147 19
31 78
27 85
146 92
95 126
34 68
15 126
51 131
10 154
76 45
32 6
46 103
69 38
53 22
99 56
54 145
11 12
77 33
115 50
3 19
134 160
107 134
67 159
39 34
13 45
44 75
124 107
105 44
71 149
123 147
139 93
81 130
158 37
29 45
79 78
60 157
18 64
132 43
160
105 137 24 122 97 92 155 104 87 34 47 22 128 133 81 138 119 33 74 127 2 5 152 66 1 143 49 19 141 118 56 27 35 130 4 71 65 3 28 107 15 62 13 96 77 46 90 117 76 111 79 99 64 40 45 149 113 75 9 50 63 80 38 91 32 158 31 53 154 61 156 153 112 48 54 51 129 58 103 37 109 123 115 43 151 134 101 82 88 144 84 18 70 100 121 125 106 83 60 116 132 69 110 108 67 72 93 44 39 52 139 30 59 86 114 78 41 140 8 6 68 147 160 14 26 131 20 94 42 136 17 29 12 73 55 142 23 145 98 21 102 120 150 159 89 124 95 85 146 36 10 135 157 25 16 148 57 7 11 126
143 20
64 143
147 64
71 20
85 147
70 20
27 143
120 71
5 70
19 5
125 19
58 120
140 20
38 71
39 38
31 19
96 19
21 5
2 31
22 38
160 27
48 143
159 39
138 58
99 5
136 2
77 21
135 136
63 99
137 5
7 85
81 20
44 147
13 160
93 58
60 136
130 136
83 22
4 5
152 99
43 81
24 44
109 20
66 48
112 22
79 70
25 13
123 43
111 140
74 24
15 20
94 19
126 66
119 77
95 96
115 5
82 70
28 159
108 43
113 71
76 81
145 94
133 120
107 43
127 108
116 64
100 108
47 119
36 66
103 130
97 81
17 99
146 147
49 25
149 70
134 145
14 138
73 111
34 31
144 103
117 147
55 136
42 28
87 44
84 34
142 97
102 95
98 97
80 144
18 17
122 28
128 4
41 39
150 71
155 71
57 19
8 128
61 76
1 98
56 152
37 143
26 117
33 20
156 7
124 142
104 61
62 142
68 138
52 122
10 138
141 62
3 115
110 125
35 141
158 117
157 96
92 109
65 144
6 152
148 85
106 157
23 120
29 79
154 115
139 142
90 63
59 109
75 95
91 126
151 160
153 113
88 70
69 160
30 96
54 128
11 95
9 97
101 29
67 61
51 139
121 64
105 26
89 75
114 23
129 26
16 9
32 121
53 89
118 97
72 17
45 123
132 16
50 21
131 73
40 36
46 71
86 17
12 149
78 24
160
28 97 51 103 86 56 3 12 59 126 89 118 84 153 119 108 25 49 61 4 158 24 139 9 45 85 64 125 22 30 94 159 29 50 154 135 129 34 136 141 71 107 95 17 11 120 128 115 26 143 106 72 155 76 38 32 41 156 40 157 109 60 20 110 53 100 62 127 105 78 42 104 18 133 93 81 27 39 36 47 152 37 99 114 44 102 151 150 117 23 67 160 73 31 46 113 7 33 138 75 123 83 5 54 77 112 65 66 121 48 10 130 8 145 70 55 101 6 74 142 111 147 140 82 137 57 91 90 19 88 14 63 79 2 122 43 134 35 69 132 144 16 131 80 96 124 87 146 58 52 21 98 1 13 116 148 92 68 15 149
139 25
78 139
23 139
64 78
71 139
33 78
152 33
38 23
35 71
39 139
110 64
40 39
155 40
74 33
130 155
6 110
147 110
99 39
116 40
92 6
143 116
132 74
47 132
128 152
121 152
94 116
37 35
119 92
60 25
18 47
58 92
48 74
20 110
151 92
69 35
62 130
123 48
59 64
10 132
43 94
84 60
97 110
16 59
79 155
133 84
136 59
120 38
44 119
100 39
95 99
9 47
42 48
26 110
70 62
137 110
5 94
89 35
90 133
21 92
105 155
66 18
52 90
67 132
158 6
114 10
87 44
31 10
85 87
30 69
146 123
53 70
22 40
51 25
80 51
45 120
12 35
148 5
57 43
54 57
14 139
135 42
112 66
138 120
81 112
156 44
50 112
102 123
98 147
107 116
32 35
13 50
24 26
134 13
93 48
49 137
160 138
17 45
11 40
41 79
154 64
96 20
104 21
56 89
106 17
3 12
125 104
127 31
1 18
103 13
117 53
129 106
108 123
113 133
101 152
144 12
109 80
68 40
150 93
140 155
7 17
34 133
19 109
115 119
88 133
126 112
157 125
27 33
36 19
28 79
76 51
4 51
122 32
82 6
145 89
124 32
141 76
61 94
8 108
2 129
142 61
72 116
65 36
75 71
159 145
15 11
83 106
149 134
29 128
153 123
111 70
63 14
91 145
77 8
118 93
86 159
46 145
131 76
55 59
73 7
160
117 79 32 71 160 10 43 44 143 140 39 151 118 61 76 18 155 146 11 77 58 108 114 149 69 136 142 100 85 157 116 86 144 22 124 107 135 15 57 150 6 109 152 52 87 96 101 122 121 63 84 46 70 113 5 49 90 81 60 26 65 2 153 110 59 23 40 83 29 80 112 103 133 94 97 67 88 12 91 48 54 4 89 104 34 8 7 47 130 74 20 64 45 75 154 73 53 148 98 92 42 37 66 14 134 138 19 3 30 99 16 111 145 24 38 72 128 106 126 123 41 82 137 28 27 55 158 21 68 127 25 129 13 36 35 51 33 147 17 62 102 93 95 131 139 115 9 156 132 159 119 120 50 1 78 105 56 31 125 141
36 115
18 115
157 36
8 115
118 8
71 18
66 8
133 115
122 71
103 8
88 36
112 66
107 71
42 133
17 36
99 122
49 133
127 42
27 127
97 27
48 97
16 88
130 127
111 71
25 107
160 16
152 49
4 122
19 112
54 133
116 17
53 111
6 103
132 16
59 25
37 132
24 66
124 97
141 124
137 107
100 53
114 160
60 141
21 122
10 16
135 37
85 4
83 37
58 42
56 97
80 25
139 112
138 118
14 127
74 130
23 8
81 100
75 56
125 58
145 21
67 18
102 6
7 8
13 19
47 80
106 37
154 152
65 42
57 160
95 58
126 27
150 95
151 157
45 65
89 150
44 47
32 14
104 125
146 42
96 100
140 127
39 32
41 18
92 141
50 56
136 95
93 24
62 17
108 132
79 112
73 103
34 125
120 104
153 74
72 141
91 137
121 4
94 108
30 59
12 157
84 71
82 66
43 91
159 154
26 99
3 12
68 43
5 106
128 8
113 97
1 60
155 42
46 19
64 139
86 68
78 49
38 50
147 4
55 62
90 10
143 96
61 43
110 133
87 143
70 25
142 43
22 102
51 25
134 157
105 10
119 139
31 118
156 99
63 72
149 137
20 116
29 142
33 151
2 74
101 103
129 108
69 159
76 8
117 110
98 79
148 87
40 82
35 54
11 121
15 157
123 21
9 85
28 15
109 72
77 41
144 146
52 95
158 149
131 67
